all = [70932188 34743415 13062034 76082857; 106955091 25680936 39877548 76227207; 53185960 -34838071 17086321 79082157; 23486359 39569255 89931713 97870382; 60023478 -38231503 83130191 97171540; 67439466 22612444 3128451 70392218; 70807196 62675476 35937093 81014557; 84062142 31605221 28090534 71045602; 94481737 -348921 40188224 62787002; 115014210 8116575 40291216 74750733; 130051481 16083298 36826149 92777434; 100623374 -2402591 27320132 83850130; 104850603 14011883 80188271 90161622; 60595056 3873536 8887820 55978226; 51454631 18048888 54567182 88280232; 65904249 58628570 36140145 71861499; 68798916 13894702 41659583 85865960; 98790279 25761991 22278750 85742293; 8996994 -28039790 33297161 94634944; 106727332 35931026 44602047 81525324; 60322605 17347145 52271167 80914487; 64875283 1577480 39978898 94480425; -4157832 75402939 -50851076 94021483; 122490329 14289977 42391900 77857135; 114263327 -182934 39616904 82973875; 37081774 37743973 29042705 55833691; -19504304 148534982 41486052 93493754; 74064449 48243714 25455353 80321637; 125026875 8312219 43195295 81663677; 102114413 14855613 43042421 57396401; 18813976 21452931 -2433338 89286488; 63952384 14337568 -12876419 74635127; -11051509 18593887 43462428 70396710; 69238671 50114806 32257411 70565075; 80932135 32458826 18362699 78497081; 56349554 35833484 70754111 54047849; 95757757 34120917 22854111 90493429; 54212105 49503608 181447 87003350; 114989490 30670146 36753165 92375397; 90789672 26178062 31902222 68534300; 63987777 -58552423 59560182 97886808; 56722210 20731826 34878607 56288593; 90614128 15047837 32669791 56460936; 100295228 15745485 43459876 56049581; 54479747 32201863 75980199 53772768; 39687165 5031646 109898927 81711558; 58882772 6081340 8109949 52835849; -713051 18388572 41702775 61612684; 103196987 25104857 30391244 81380083; 76557255 -17356336 62927471 72627324; -3929222 14320850 37584102 64879743; 97892656 14447007 41736963 54071443; -1271439 10252819 37385375 62523034; 56325974 -4242704 -26972102 95685148; 65315494 40992947 56077994 53497187; 99421295 19631521 69175033 79338677; 483195 45610683 41004669 88336631; 100654183 22211924 29779631 76555240; 56865293 16954244 3385892 53902655; 114986974 20758908 37509521 81705382; 13972220 35365136 38964263 66642469; 63582095 47821293 34987865 59884351; 94706141 55838175 41179101 92834462; 101809135 16210718 85005028 94135789; 43337912 71833224 17340722 95368362; -2047258 16499499 38925129 63835574; 127650967 14466667 34660600 90925762; 114194906 20421111 21029193 97055554; 51933802 66752449 42540417 59614573; -31061971 16472680 45018088 86730336; 126578089 14194797 62965771 94849609; 51530964 4080625 -9981324 65576101; 51852445 86159865 48519307 77642340; 52180921 17777293 -8588817 62015759; 37750926 54194202 58341899 66640916; 86938460 -5356594 26415367 74024050; 52662726 36643923 -7423982 80199804; 118200303 22849547 45019771 79498936; 66831889 55362649 23353479 82309990; 108830050 17269267 28763865 80804499; 91394962 -9397628 38509365 70427514; 110054400 26797739 26129382 94191618; 55627764 35130154 21541616 52685108; 119021155 10252122 33545289 83368586; 58722115 41511957 33182121 50520865; 64403559 46194824 50821057 52530253; 55357505 6659841 -18830634 75672596; 76254957 37319909 23660920 73382702; 61640535 52599442 75170506 80521210; 122385451 14203889 66220841 93921012; 100244104 5018079 31520266 71850158; 82081383 23129394 4379732 84300056; 99065937 30825858 15588119 97772595; 116133693 18265457 51547284 77057141; 52256299 30358745 50007183 74240591; 59509894 49026601 15676312 76329320; 59175810 58285957 48100353 56672847; 89129622 -27112672 51059866 83088437; 54779474 14931281 29211474 84781460; 58446570 42845141 32698159 52062283; 61862173 46364434 38645244 53050120; 59644216 -4104996 104670106 84205700; 113466424 -6277854 40699853 87188713; 88618711 20141576 40923119 51306024; 30502823 51831249 38274519 67267911; 56738812 20510965 -5250022 65968528; 58293908 43697440 69251205 62353463; 109500456 24736053 39729692 77975558; 78456611 17775083 23905850 55794579; 103517548 19126241 53371699 67126208; -12263026 14804850 44707521 66574097; 59710908 15511091 -990057 59680928; 61928634 20561019 45136409 75458094; 89825180 10772426 36769829 50427220; 54798081 22088148 39561793 70123747; 67677948 -22427413 42811645 55438016; -5695864 16853699 24908958 81854355; -13617304 14298749 43021926 69107886; 97639071 4221323 33966350 67595740; 94668710 40164358 40194419 78107385; 31264483 2721629 12897457 62005744; 53576971 24447380 8988631 52504478; 76258490 519073 32838432 51045275; 15425129 21986272 -7792889 98567820; 90598370 26198910 40951799 59314220; 32582492 -355164 18997671 57664381; 73835746 63171851 29802095 90674230; 126677052 19125296 33329525 95941569; 56089763 19181211 -15491718 74231424; 57519720 20084856 126740281 95455607; 33386890 48038589 946548 97918894; 66236948 83721210 41963263 91463670; 59765458 30283310 -16471215 89988727; -2933604 23038390 21838497 88347289; 69081478 53364906 38412173 67503077; 101049675 10060125 41141395 57992558; 100008356 32454967 43340830 72591438; 109393083 -18948615 44410556 92075431; 65031132 -19896749 53672918 54387080; 101137076 109876103 -29433305 69441271; 37489010 16664382 51487976 65428674; 77877189 16229651 42389859 51083530; 83644395 28290365 41187874 54215655; 59270430 28524212 21184520 50078866; 82200309 17808555 -4263046 87741199; 94845158 44049406 30934045 91429251; 38222205 36136535 -8780366 90908667; 63890697 43632727 38922734 52069518; 94704333 -950161 42263760 61535022; 55494341 22073513 -20723460 81760064; 85117842 14777006 27936303 55427357; 99981747 23687693 71070838 85851363; 92771274 51188159 27928078 99500124; 29921726 17282907 47951257 62962444; 52517489 17495577 119596987 80720865; 107543935 -952558 37781114 78859668; 227363471 20271523 30344823 79921258; 56840403 8901316 20360281 88710921; -15031494 7679708 43655908 72585256; -1977883 8829489 30452009 71585719; 130654084 6797807 40150026 91850781; 27995505 18498744 -9366619 84083728; 53593650 59502550 35284278 61280650; 56639910 18756016 66809724 52859168; 4956780 105313555 128100318 89551723; 98904092 32207856 20750688 93830055; 100007144 16869733 64902332 72889978; 37727965 4599141 44557302 69383432; 54063133 28687053 31545410 59159300; 89335625 18731801 -2426760 93962997; 74106169 52601353 22607411 87568884; 81493072 62667056 37775575 89853287; 123317452 14217567 43522565 77481258; 92035356 45926855 54170316 83243600; 57407835 62022858 38853311 64046577; 100123788 29024509 42895298 69721959; 65326818 21746775 16889163 53653358; 122104832 20231127 38021089 87783657; 34626921 33813790 16436186 66964425; 129579038 10175556 34393931 93153918; 76144539 7311472 10657230 66320218; 93083215 31906812 66538939 82639679; 44967994 18648196 2208091 55686307; 13736172 -1245811 76800718 80841660; 75380971 33097677 25078375 66869019; 23974728 19339834 15015517 64563600; 38830051 15329267 -25722538 86435554; -11570741 25060510 38310618 82534385; 86831012 41249358 20448451 91100814; 79979836 61812338 29997554 95263603; 46305086 17350179 -23848220 79107062; 118342906 14571828 44370572 72013039; 76033011 16898158 -11948638 88348552; 62704362 16430254 -4369420 66972780; 107027000 29941235 30669820 89767165; 30496026 73252753 44597437 82373047; 121716240 22679491 44860838 83003785; 99283587 39170616 39708136 82215017; 93205806 36626096 28112740 85187898; 78146780 37791515 43825596 55581553; 110845284 27396232 44818881 76891462; 53299340 67762644 43321640 61209139; 86570062 32074254 26909185 75203874; 112723064 16503283 34499712 78195412; 96362159 -16937367 44268953 77175042; 72716722 26825213 32992189 50018520; 107118512 10041966 28544776 76676065; 94854731 19887353 54938259 60791043; 45411745 56433750 41561093 53674723; 85104835 -3376398 43539720 53085816; 21525897 18004714 26910887 53781694; 87273082 22511350 8923463 84329770; 54466633 37133728 12562615 62506494; 72583180 42795470 26596683 72250701; 79210200 -10583508 49134706 